   ------- BEAMDYN V1.00.* INDIVIDUAL BLADE INPUT FILE --------------------------
 Test Format 1
 ---------------------- BLADE PARAMETERS --------------------------------------
49   station_total    - Number of blade input stations (-)
 1   damp_type        - Damping type: 0: no damping; 1: damped
  ---------------------- DAMPING COEFFICIENT------------------------------------
   mu1        mu2        mu3        mu4        mu5        mu6
   (-)        (-)        (-)        (-)        (-)        (-)
1.0E-03    1.0E-03    1.0E-03     0.0014      0.0022     0.0022
 ---------------------- DISTRIBUTED PROPERTIES---------------------------------
0.0
9.7944926E+03 0.0000000E+00 0.0000000E+00 0.0000000E+00 0.0000000E+00 0.0000000E+00 
0.0000000E+00 9.7944926E+03 0.0000000E+00 0.0000000E+00 0.0000000E+00 0.0000000E+00 
0.0000000E+00 0.0000000E+00 9.7944926E+06 5.4485558E+04 -1.3714182E+00 -5.6982897E-01 
0.0000000E+00 0.0000000E+00 5.4485558E+04 3.3175793E+03 -1.1714116E-01 1.5291891E-02 
0.0000000E+00 0.0000000E+00 -1.3714182E+00 -1.1714116E-01 5.2474350E+00 9.3308003E-02 
0.0000000E+00 0.0000000E+00 -5.6982897E-01 1.5291891E-02 9.3308003E-02 7.5825971E+00 

4.9983299E-01 0.0000000E+00 0.0000000E+00 0.0000000E+00 0.0000000E+00 3.0445627E-06 
0.0000000E+00 4.9983299E-01 0.0000000E+00 0.0000000E+00 0.0000000E+00 -1.3569866E-05 
0.0000000E+00 0.0000000E+00 4.9983299E-01 -3.0445627E-06 1.3569866E-05 0.0000000E+00 
0.0000000E+00 0.0000000E+00 -3.0445627E-06 3.1617779E-04 -2.4696629E-07 0.0000000E+00 
0.0000000E+00 0.0000000E+00 1.3569866E-05 -2.4696629E-07 1.7338092E-05 0.0000000E+00 
3.0445627E-06 -1.3569866E-05 0.0000000E+00 0.0000000E+00 0.0000000E+00 3.1743008E-04 

0.00325
9.7860199E+03 0.0000000E+00 0.0000000E+00 0.0000000E+00 0.0000000E+00 0.0000000E+00 
0.0000000E+00 9.7860199E+03 0.0000000E+00 0.0000000E+00 0.0000000E+00 0.0000000E+00 
0.0000000E+00 0.0000000E+00 9.7860199E+06 5.4427019E+04 -1.4012495E+00 -5.6982897E-01 
0.0000000E+00 0.0000000E+00 5.4427019E+04 3.3147531E+03 -1.1674980E-01 1.5291891E-02 
0.0000000E+00 0.0000000E+00 -1.4012495E+00 -1.1674980E-01 5.1960510E+00 9.3308003E-02 
0.0000000E+00 0.0000000E+00 -5.6982897E-01 1.5291891E-02 9.3308003E-02 7.5825971E+00 

5.0268751E-01 0.0000000E+00 0.0000000E+00 0.0000000E+00 0.0000000E+00 -2.8823532E-05 
0.0000000E+00 5.0268751E-01 0.0000000E+00 0.0000000E+00 0.0000000E+00 -1.3215381E-05 
0.0000000E+00 0.0000000E+00 5.0268751E-01 2.8823532E-05 1.3215381E-05 0.0000000E+00 
0.0000000E+00 0.0000000E+00 2.8823532E-05 3.1751744E-04 -2.3415332E-07 0.0000000E+00 
0.0000000E+00 0.0000000E+00 1.3215381E-05 -2.3415332E-07 1.9938903E-05 0.0000000E+00 
-2.8823532E-05 -1.3215381E-05 0.0000000E+00 0.0000000E+00 0.0000000E+00 3.1528448E-04 

0.01951
9.7455481E+03 0.0000000E+00 0.0000000E+00 0.0000000E+00 0.0000000E+00 0.0000000E+00 
0.0000000E+00 9.7455481E+03 0.0000000E+00 0.0000000E+00 0.0000000E+00 0.0000000E+00 
0.0000000E+00 0.0000000E+00 9.7455481E+06 5.4148497E+04 -1.5426416E+00 -5.6982897E-01 
0.0000000E+00 0.0000000E+00 5.4148497E+04 3.3011026E+03 -1.1491088E-01 1.5291891E-02 
0.0000000E+00 0.0000000E+00 -1.5426416E+00 -1.1491088E-01 4.9476236E+00 9.3308003E-02 
0.0000000E+00 0.0000000E+00 -5.6982897E-01 1.5291891E-02 9.3308003E-02 7.5825971E+00 

5.1652760E-01 0.0000000E+00 0.0000000E+00 0.0000000E+00 0.0000000E+00 -1.8832083E-04 
0.0000000E+00 5.1652760E-01 0.0000000E+00 0.0000000E+00 0.0000000E+00 -1.1427247E-05 
0.0000000E+00 0.0000000E+00 5.1652760E-01 1.8832083E-04 1.1427247E-05 0.0000000E+00 
0.0000000E+00 0.0000000E+00 1.8832083E-04 3.2400561E-04 -1.7201583E-07 0.0000000E+00 
0.0000000E+00 0.0000000E+00 1.1427247E-05 -1.7201583E-07 3.2549856E-05 0.0000000E+00 
-1.8832083E-04 -1.1427247E-05 0.0000000E+00 0.0000000E+00 0.0000000E+00 3.0488760E-04 

0.035769999999999996
9.7103745E+03 0.0000000E+00 0.0000000E+00 0.0000000E+00 0.0000000E+00 0.0000000E+00 
0.0000000E+00 9.7103745E+03 0.0000000E+00 0.0000000E+00 0.0000000E+00 0.0000000E+00 
0.0000000E+00 0.0000000E+00 9.7103745E+06 5.3901597E+04 -1.6679845E+00 -5.6982897E-01 
0.0000000E+00 0.0000000E+00 5.3901597E+04 3.2894496E+03 -1.1342999E-01 1.5291891E-02 
0.0000000E+00 0.0000000E+00 -1.6679845E+00 -1.1342999E-01 4.7325448E+00 9.3308003E-02 
0.0000000E+00 0.0000000E+00 -5.6982897E-01 1.5291891E-02 9.3308003E-02 7.5825971E+00 

5.2849415E-01 0.0000000E+00 0.0000000E+00 0.0000000E+00 0.0000000E+00 -3.3311194E-04 
0.0000000E+00 5.2849415E-01 0.0000000E+00 0.0000000E+00 0.0000000E+00 -9.7894580E-06 
0.0000000E+00 0.0000000E+00 5.2849415E-01 3.3311194E-04 9.7894580E-06 0.0000000E+00 
0.0000000E+00 0.0000000E+00 3.3311194E-04 3.2961690E-04 -1.1829682E-07 0.0000000E+00 
0.0000000E+00 0.0000000E+00 9.7894580E-06 -1.1829682E-07 4.3453465E-05 0.0000000E+00 
-3.3311194E-04 -9.7894580E-06 0.0000000E+00 0.0000000E+00 0.0000000E+00 2.9590856E-04 

0.05203
9.6833644E+03 0.0000000E+00 0.0000000E+00 0.0000000E+00 0.0000000E+00 0.0000000E+00 
0.0000000E+00 9.6833644E+03 0.0000000E+00 0.0000000E+00 0.0000000E+00 0.0000000E+00 
0.0000000E+00 0.0000000E+00 9.6833644E+06 5.3696821E+04 -1.7732496E+00 -5.6982897E-01 
0.0000000E+00 0.0000000E+00 5.3696821E+04 3.2814058E+03 -1.1252463E-01 1.5291891E-02 
0.0000000E+00 0.0000000E+00 -1.7732496E+00 -1.1252463E-01 4.5766276E+00 9.3308003E-02 
0.0000000E+00 0.0000000E+00 -5.6982897E-01 1.5291891E-02 9.3308003E-02 7.5825971E+00 

5.3703527E-01 0.0000000E+00 0.0000000E+00 0.0000000E+00 0.0000000E+00 -4.4078797E-04 
0.0000000E+00 5.3703527E-01 0.0000000E+00 0.0000000E+00 0.0000000E+00 -8.5708135E-06 
0.0000000E+00 0.0000000E+00 5.3703527E-01 4.4078797E-04 8.5708135E-06 0.0000000E+00 
0.0000000E+00 0.0000000E+00 4.4078797E-04 3.3364236E-04 -8.0006066E-08 0.0000000E+00 
0.0000000E+00 0.0000000E+00 8.5708135E-06 -8.0006066E-08 5.1233149E-05 0.0000000E+00 
-4.4078797E-04 -8.5708135E-06 0.0000000E+00 0.0000000E+00 0.0000000E+00 2.8951314E-04 

0.06829
9.6673833E+03 0.0000000E+00 0.0000000E+00 0.0000000E+00 0.0000000E+00 0.0000000E+00 
0.0000000E+00 9.6673833E+03 0.0000000E+00 0.0000000E+00 0.0000000E+00 0.0000000E+00 
0.0000000E+00 0.0000000E+00 9.6673833E+06 5.3544667E+04 -1.8544084E+00 -5.6982897E-01 
0.0000000E+00 0.0000000E+00 5.3544667E+04 3.2785833E+03 -1.1241229E-01 1.5291891E-02 
0.0000000E+00 0.0000000E+00 -1.8544084E+00 -1.1241229E-01 4.5056851E+00 9.3308003E-02 
0.0000000E+00 0.0000000E+00 -5.6982897E-01 1.5291891E-02 9.3308003E-02 7.5825971E+00 

5.4059909E-01 0.0000000E+00 0.0000000E+00 0.0000000E+00 0.0000000E+00 -4.8779284E-04 
0.0000000E+00 5.4059909E-01 0.0000000E+00 0.0000000E+00 0.0000000E+00 -8.0557577E-06 
0.0000000E+00 0.0000000E+00 5.4059909E-01 4.8779284E-04 8.0557577E-06 0.0000000E+00 
0.0000000E+00 0.0000000E+00 4.8779284E-04 3.3537306E-04 -6.4153359E-08 0.0000000E+00 
0.0000000E+00 0.0000000E+00 8.0557577E-06 -6.4153359E-08 5.4472323E-05 0.0000000E+00 
-4.8779284E-04 -8.0557577E-06 0.0000000E+00 0.0000000E+00 0.0000000E+00 2.8686710E-04 

0.08455
9.6595886E+03 0.0000000E+00 0.0000000E+00 0.0000000E+00 0.0000000E+00 0.0000000E+00 
0.0000000E+00 9.6595886E+03 0.0000000E+00 0.0000000E+00 0.0000000E+00 0.0000000E+00 
0.0000000E+00 0.0000000E+00 9.6595886E+06 5.3433144E+04 -1.9089363E+00 -5.6982897E-01 
0.0000000E+00 0.0000000E+00 5.3433144E+04 3.2794894E+03 -1.1288950E-01 1.5291891E-02 
0.0000000E+00 0.0000000E+00 -1.9089363E+00 -1.1288950E-01 4.4951227E+00 9.3308003E-02 
0.0000000E+00 0.0000000E+00 -5.6982897E-01 1.5291891E-02 9.3308003E-02 7.5825971E+00 

5.4066305E-01 0.0000000E+00 0.0000000E+00 0.0000000E+00 0.0000000E+00 -4.9038540E-04 
0.0000000E+00 5.4066305E-01 0.0000000E+00 0.0000000E+00 0.0000000E+00 -8.0570761E-06 
0.0000000E+00 0.0000000E+00 5.4066305E-01 4.9038540E-04 8.0570761E-06 0.0000000E+00 
0.0000000E+00 0.0000000E+00 4.9038540E-04 3.3548404E-04 -6.4065243E-08 0.0000000E+00 
0.0000000E+00 0.0000000E+00 8.0570761E-06 -6.4065243E-08 5.4519609E-05 0.0000000E+00 
-4.9038540E-04 -8.0570761E-06 0.0000000E+00 0.0000000E+00 0.0000000E+00 2.8687336E-04 

0.10081
9.6535700E+03 0.0000000E+00 0.0000000E+00 0.0000000E+00 0.0000000E+00 0.0000000E+00 
0.0000000E+00 9.6535700E+03 0.0000000E+00 0.0000000E+00 0.0000000E+00 0.0000000E+00 
0.0000000E+00 0.0000000E+00 9.6535700E+06 5.3338686E+04 -1.9455370E+00 -5.6982897E-01 
0.0000000E+00 0.0000000E+00 5.3338686E+04 3.2805232E+03 -1.1347026E-01 1.5291891E-02 
0.0000000E+00 0.0000000E+00 -1.9455370E+00 -1.1347026E-01 4.4872425E+00 9.3308003E-02 
0.0000000E+00 0.0000000E+00 -5.6982897E-01 1.5291891E-02 9.3308003E-02 7.5825971E+00 

5.4069586E-01 0.0000000E+00 0.0000000E+00 0.0000000E+00 0.0000000E+00 -4.9212619E-04 
0.0000000E+00 5.4069586E-01 0.0000000E+00 0.0000000E+00 0.0000000E+00 -8.0626135E-06 
0.0000000E+00 0.0000000E+00 5.4069586E-01 4.9212619E-04 8.0626135E-06 0.0000000E+00 
0.0000000E+00 0.0000000E+00 4.9212619E-04 3.3555991E-04 -6.4073557E-08 0.0000000E+00 
0.0000000E+00 0.0000000E+00 8.0626135E-06 -6.4073557E-08 5.4541330E-05 0.0000000E+00 
-4.9212619E-04 -8.0626135E-06 0.0000000E+00 0.0000000E+00 0.0000000E+00 2.8692680E-04 

0.11707
9.6495312E+03 0.0000000E+00 0.0000000E+00 0.0000000E+00 0.0000000E+00 0.0000000E+00 
0.0000000E+00 9.6495312E+03 0.0000000E+00 0.0000000E+00 0.0000000E+00 0.0000000E+00 
0.0000000E+00 0.0000000E+00 9.6495312E+06 5.3265337E+04 -1.9775633E+00 -5.6982897E-01 
0.0000000E+00 0.0000000E+00 5.3265337E+04 3.2815765E+03 -1.1414435E-01 1.5291891E-02 
0.0000000E+00 0.0000000E+00 -1.9775633E+00 -1.1414435E-01 4.4817591E+00 9.3308003E-02 
0.0000000E+00 0.0000000E+00 -5.6982897E-01 1.5291891E-02 9.3308003E-02 7.5825971E+00 

5.4071718E-01 0.0000000E+00 0.0000000E+00 0.0000000E+00 0.0000000E+00 -4.9325886E-04 
0.0000000E+00 5.4071718E-01 0.0000000E+00 0.0000000E+00 0.0000000E+00 -8.0694420E-06 
0.0000000E+00 0.0000000E+00 5.4071718E-01 4.9325886E-04 8.0694420E-06 0.0000000E+00 
0.0000000E+00 0.0000000E+00 4.9325886E-04 3.3560941E-04 -6.4089471E-08 0.0000000E+00 
0.0000000E+00 0.0000000E+00 8.0694420E-06 -6.4089471E-08 5.4555429E-05 0.0000000E+00 
-4.9325886E-04 -8.0694420E-06 0.0000000E+00 0.0000000E+00 0.0000000E+00 2.8698596E-04 

0.13335
9.6477123E+03 0.0000000E+00 0.0000000E+00 0.0000000E+00 0.0000000E+00 0.0000000E+00 
0.0000000E+00 9.6477123E+03 0.0000000E+00 0.0000000E+00 0.0000000E+00 0.0000000E+00 
0.0000000E+00 0.0000000E+00 9.6477123E+06 5.3217250E+04 -2.0184356E+00 -5.6982897E-01 
0.0000000E+00 0.0000000E+00 5.3217250E+04 3.2825625E+03 -1.1490521E-01 1.5291891E-02 
0.0000000E+00 0.0000000E+00 -2.0184356E+00 -1.1490521E-01 4.4787121E+00 9.3308003E-02 
0.0000000E+00 0.0000000E+00 -5.6982897E-01 1.5291891E-02 9.3308003E-02 7.5825971E+00 

5.4072700E-01 0.0000000E+00 0.0000000E+00 0.0000000E+00 0.0000000E+00 -4.9377881E-04 
0.0000000E+00 5.4072700E-01 0.0000000E+00 0.0000000E+00 0.0000000E+00 -8.0775694E-06 
0.0000000E+00 0.0000000E+00 5.4072700E-01 4.9377881E-04 8.0775694E-06 0.0000000E+00 
0.0000000E+00 0.0000000E+00 4.9377881E-04 3.3563232E-04 -6.4113018E-08 0.0000000E+00 
0.0000000E+00 0.0000000E+00 8.0775694E-06 -6.4113018E-08 5.4561899E-05 0.0000000E+00 
-4.9377881E-04 -8.0775694E-06 0.0000000E+00 0.0000000E+00 0.0000000E+00 2.8702408E-04 

0.14959
9.6478138E+03 0.0000000E+00 0.0000000E+00 0.0000000E+00 0.0000000E+00 0.0000000E+00 
0.0000000E+00 9.6478138E+03 0.0000000E+00 0.0000000E+00 0.0000000E+00 0.0000000E+00 
0.0000000E+00 0.0000000E+00 9.6478138E+06 5.3192014E+04 -2.0851059E+00 -5.6982897E-01 
0.0000000E+00 0.0000000E+00 5.3192014E+04 3.2834420E+03 -1.1575655E-01 1.5291891E-02 
0.0000000E+00 0.0000000E+00 -2.0851059E+00 -1.1575655E-01 4.4775523E+00 9.3308003E-02 
0.0000000E+00 0.0000000E+00 -5.6982897E-01 1.5291891E-02 9.3308003E-02 7.5825971E+00 

5.4072765E-01 0.0000000E+00 0.0000000E+00 0.0000000E+00 0.0000000E+00 -4.9380962E-04 
0.0000000E+00 5.4072765E-01 0.0000000E+00 0.0000000E+00 0.0000000E+00 -8.0869984E-06 
0.0000000E+00 0.0000000E+00 5.4072765E-01 4.9380962E-04 8.0869984E-06 0.0000000E+00 
0.0000000E+00 0.0000000E+00 4.9380962E-04 3.3563400E-04 -6.4143351E-08 0.0000000E+00 
0.0000000E+00 0.0000000E+00 8.0869984E-06 -6.4143351E-08 5.4562305E-05 0.0000000E+00 
-4.9380962E-04 -8.0869984E-06 0.0000000E+00 0.0000000E+00 0.0000000E+00 2.8702741E-04 

0.16585000000000003
9.6480711E+03 0.0000000E+00 0.0000000E+00 0.0000000E+00 0.0000000E+00 0.0000000E+00 
0.0000000E+00 9.6480711E+03 0.0000000E+00 0.0000000E+00 0.0000000E+00 0.0000000E+00 
0.0000000E+00 0.0000000E+00 9.6480711E+06 5.3168951E+04 -2.1837651E+00 -5.6982897E-01 
0.0000000E+00 0.0000000E+00 5.3168951E+04 3.2843358E+03 -1.1670271E-01 1.5291891E-02 
0.0000000E+00 0.0000000E+00 -2.1837651E+00 -1.1670271E-01 4.4763463E+00 9.3308003E-02 
0.0000000E+00 0.0000000E+00 -5.6982897E-01 1.5291891E-02 9.3308003E-02 7.5825971E+00 

5.4072754E-01 0.0000000E+00 0.0000000E+00 0.0000000E+00 0.0000000E+00 -4.9380136E-04 
0.0000000E+00 5.4072754E-01 0.0000000E+00 0.0000000E+00 0.0000000E+00 -8.0973476E-06 
0.0000000E+00 0.0000000E+00 5.4072754E-01 4.9380136E-04 8.0973476E-06 0.0000000E+00 
0.0000000E+00 0.0000000E+00 4.9380136E-04 3.3563400E-04 -6.4176460E-08 0.0000000E+00 
0.0000000E+00 0.0000000E+00 8.0973476E-06 -6.4176460E-08 5.4562206E-05 0.0000000E+00 
-4.9380136E-04 -8.0973476E-06 0.0000000E+00 0.0000000E+00 0.0000000E+00 2.8702723E-04 

0.18211
9.6483308E+03 0.0000000E+00 0.0000000E+00 0.0000000E+00 0.0000000E+00 0.0000000E+00 
0.0000000E+00 9.6483308E+03 0.0000000E+00 0.0000000E+00 0.0000000E+00 0.0000000E+00 
0.0000000E+00 0.0000000E+00 9.6483308E+06 5.3147628E+04 -2.2842715E+00 -5.6982897E-01 
0.0000000E+00 0.0000000E+00 5.3147628E+04 3.2852191E+03 -1.1765126E-01 1.5291891E-02 
0.0000000E+00 0.0000000E+00 -2.2842715E+00 -1.1765126E-01 4.4752237E+00 9.3308003E-02 
0.0000000E+00 0.0000000E+00 -5.6982897E-01 1.5291891E-02 9.3308003E-02 7.5825971E+00 

5.4072745E-01 0.0000000E+00 0.0000000E+00 0.0000000E+00 0.0000000E+00 -4.9379324E-04 
0.0000000E+00 5.4072745E-01 0.0000000E+00 0.0000000E+00 0.0000000E+00 -8.1074380E-06 
0.0000000E+00 0.0000000E+00 5.4072745E-01 4.9379324E-04 8.1074380E-06 0.0000000E+00 
0.0000000E+00 0.0000000E+00 4.9379324E-04 3.3563400E-04 -6.4208843E-08 0.0000000E+00 
0.0000000E+00 0.0000000E+00 8.1074380E-06 -6.4208843E-08 5.4562116E-05 0.0000000E+00 
-4.9379324E-04 -8.1074380E-06 0.0000000E+00 0.0000000E+00 0.0000000E+00 2.8702708E-04 

0.19837
9.6485972E+03 0.0000000E+00 0.0000000E+00 0.0000000E+00 0.0000000E+00 0.0000000E+00 
0.0000000E+00 9.6485972E+03 0.0000000E+00 0.0000000E+00 0.0000000E+00 0.0000000E+00 
0.0000000E+00 0.0000000E+00 9.6485972E+06 5.3129539E+04 -2.3544554E+00 -5.6982897E-01 
0.0000000E+00 0.0000000E+00 5.3129539E+04 3.2860537E+03 -1.1850458E-01 1.5291891E-02 
0.0000000E+00 0.0000000E+00 -2.3544554E+00 -1.1850458E-01 4.4744974E+00 9.3308003E-02 
0.0000000E+00 0.0000000E+00 -5.6982897E-01 1.5291891E-02 9.3308003E-02 7.5825971E+00 

5.4072744E-01 0.0000000E+00 0.0000000E+00 0.0000000E+00 0.0000000E+00 -4.9378595E-04 
0.0000000E+00 5.4072744E-01 0.0000000E+00 0.0000000E+00 0.0000000E+00 -8.1160647E-06 
0.0000000E+00 0.0000000E+00 5.4072744E-01 4.9378595E-04 8.1160647E-06 0.0000000E+00 
0.0000000E+00 0.0000000E+00 4.9378595E-04 3.3563400E-04 -6.4237187E-08 0.0000000E+00 
0.0000000E+00 0.0000000E+00 8.1160647E-06 -6.4237187E-08 5.4562075E-05 0.0000000E+00 
-4.9378595E-04 -8.1160647E-06 0.0000000E+00 0.0000000E+00 0.0000000E+00 2.8702718E-04 

0.21465
9.6488747E+03 0.0000000E+00 0.0000000E+00 0.0000000E+00 0.0000000E+00 0.0000000E+00 
0.0000000E+00 9.6488747E+03 0.0000000E+00 0.0000000E+00 0.0000000E+00 0.0000000E+00 
0.0000000E+00 0.0000000E+00 9.6488747E+06 5.3115711E+04 -2.3677666E+00 -5.6295690E-01 
0.0000000E+00 0.0000000E+00 5.3115711E+04 3.2868020E+03 -1.1917497E-01 1.5052097E-02 
0.0000000E+00 0.0000000E+00 -2.3677666E+00 -1.1917497E-01 4.4744192E+00 9.1336513E-02 
0.0000000E+00 0.0000000E+00 -5.6295690E-01 1.5052097E-02 9.1336513E-02 7.5599628E+00 

5.4072759E-01 0.0000000E+00 0.0000000E+00 0.0000000E+00 0.0000000E+00 -4.9377992E-04 
0.0000000E+00 5.4072759E-01 0.0000000E+00 0.0000000E+00 0.0000000E+00 -8.1221638E-06 
0.0000000E+00 0.0000000E+00 5.4072759E-01 4.9377992E-04 8.1221638E-06 0.0000000E+00 
0.0000000E+00 0.0000000E+00 4.9377992E-04 3.3563400E-04 -6.4258745E-08 0.0000000E+00 
0.0000000E+00 0.0000000E+00 8.1221638E-06 -6.4258745E-08 5.4562116E-05 0.0000000E+00 
-4.9377992E-04 -8.1221638E-06 0.0000000E+00 0.0000000E+00 0.0000000E+00 2.8702770E-04 

0.23088999999999998
9.6491598E+03 0.0000000E+00 0.0000000E+00 0.0000000E+00 0.0000000E+00 0.0000000E+00 
0.0000000E+00 9.6491598E+03 0.0000000E+00 0.0000000E+00 0.0000000E+00 0.0000000E+00 
0.0000000E+00 0.0000000E+00 9.6491598E+06 5.3102606E+04 -2.3632858E+00 -4.9126990E-01 
0.0000000E+00 0.0000000E+00 5.3102606E+04 3.2874405E+03 -1.1969734E-01 1.2550644E-02 
0.0000000E+00 0.0000000E+00 -2.3632858E+00 -1.1969734E-01 4.4745339E+00 7.0770613E-02 
0.0000000E+00 0.0000000E+00 -4.9126990E-01 1.2550644E-02 7.0770613E-02 7.3238495E+00 

5.4072777E-01 0.0000000E+00 0.0000000E+00 0.0000000E+00 0.0000000E+00 -4.9377325E-04 
0.0000000E+00 5.4072777E-01 0.0000000E+00 0.0000000E+00 0.0000000E+00 -8.1263889E-06 
0.0000000E+00 0.0000000E+00 5.4072777E-01 4.9377325E-04 8.1263889E-06 0.0000000E+00 
0.0000000E+00 0.0000000E+00 4.9377325E-04 3.3563400E-04 -6.4276627E-08 0.0000000E+00 
0.0000000E+00 0.0000000E+00 8.1263889E-06 -6.4276627E-08 5.4562177E-05 0.0000000E+00 
-4.9377325E-04 -8.1263889E-06 0.0000000E+00 0.0000000E+00 0.0000000E+00 2.8702847E-04 

0.24715
9.6494458E+03 0.0000000E+00 0.0000000E+00 0.0000000E+00 0.0000000E+00 0.0000000E+00 
0.0000000E+00 9.6494458E+03 0.0000000E+00 0.0000000E+00 0.0000000E+00 0.0000000E+00 
0.0000000E+00 0.0000000E+00 9.6494458E+06 5.3089731E+04 -2.3569874E+00 -3.8114994E-01 
0.0000000E+00 0.0000000E+00 5.3089731E+04 3.2879846E+03 -1.2010975E-01 8.7081091E-03 
0.0000000E+00 0.0000000E+00 -2.3569874E+00 -1.2010975E-01 4.4746567E+00 3.9178889E-02 
0.0000000E+00 0.0000000E+00 -3.8114994E-01 8.7081091E-03 3.9178889E-02 6.9611506E+00 

5.4072796E-01 0.0000000E+00 0.0000000E+00 0.0000000E+00 0.0000000E+00 -4.9376649E-04 
0.0000000E+00 5.4072796E-01 0.0000000E+00 0.0000000E+00 0.0000000E+00 -8.1292095E-06 
0.0000000E+00 0.0000000E+00 5.4072796E-01 4.9376649E-04 8.1292095E-06 0.0000000E+00 
0.0000000E+00 0.0000000E+00 4.9376649E-04 3.3563400E-04 -6.4291042E-08 0.0000000E+00 
0.0000000E+00 0.0000000E+00 8.1292095E-06 -6.4291042E-08 5.4562238E-05 0.0000000E+00 
-4.9376649E-04 -8.1292095E-06 0.0000000E+00 0.0000000E+00 0.0000000E+00 2.8702926E-04 

0.26341000000000003
9.6497249E+03 0.0000000E+00 0.0000000E+00 0.0000000E+00 0.0000000E+00 0.0000000E+00 
0.0000000E+00 9.6497249E+03 0.0000000E+00 0.0000000E+00 0.0000000E+00 0.0000000E+00 
0.0000000E+00 0.0000000E+00 9.6497249E+06 5.3077941E+04 -2.3506136E+00 -2.8250117E-01 
0.0000000E+00 0.0000000E+00 5.3077941E+04 3.2884501E+03 -1.2042802E-01 5.2658511E-03 
0.0000000E+00 0.0000000E+00 -2.3506136E+00 -1.2042802E-01 4.4747597E+00 1.0878076E-02 
0.0000000E+00 0.0000000E+00 -2.8250117E-01 5.2658511E-03 1.0878076E-02 6.6362341E+00 

5.4072815E-01 0.0000000E+00 0.0000000E+00 0.0000000E+00 0.0000000E+00 -4.9376106E-04 
0.0000000E+00 5.4072815E-01 0.0000000E+00 0.0000000E+00 0.0000000E+00 -8.1307646E-06 
0.0000000E+00 0.0000000E+00 5.4072815E-01 4.9376106E-04 8.1307646E-06 0.0000000E+00 
0.0000000E+00 0.0000000E+00 4.9376106E-04 3.3563400E-04 -6.4300635E-08 0.0000000E+00 
0.0000000E+00 0.0000000E+00 8.1307646E-06 -6.4300635E-08 5.4562299E-05 0.0000000E+00 
-4.9376106E-04 -8.1307646E-06 0.0000000E+00 0.0000000E+00 0.0000000E+00 2.8702986E-04 

0.29595000000000005
9.6502059E+03 0.0000000E+00 0.0000000E+00 0.0000000E+00 0.0000000E+00 0.0000000E+00 
0.0000000E+00 9.6502059E+03 0.0000000E+00 0.0000000E+00 0.0000000E+00 0.0000000E+00 
0.0000000E+00 0.0000000E+00 9.6502059E+06 5.3059432E+04 -2.3421403E+00 -2.4473056E-01 
0.0000000E+00 0.0000000E+00 5.3059432E+04 3.2892203E+03 -1.2087911E-01 3.9478800E-03 
0.0000000E+00 0.0000000E+00 -2.3421403E+00 -1.2087911E-01 4.4748492E+00 4.2266000E-05 
0.0000000E+00 0.0000000E+00 -2.4473056E-01 3.9478800E-03 4.2266000E-05 6.5118302E+00 

5.4072848E-01 0.0000000E+00 0.0000000E+00 0.0000000E+00 0.0000000E+00 -4.9375790E-04 
0.0000000E+00 5.4072848E-01 0.0000000E+00 0.0000000E+00 0.0000000E+00 -8.1312051E-06 
0.0000000E+00 0.0000000E+00 5.4072848E-01 4.9375790E-04 8.1312051E-06 0.0000000E+00 
0.0000000E+00 0.0000000E+00 4.9375790E-04 3.3563442E-04 -6.4304231E-08 0.0000000E+00 
0.0000000E+00 0.0000000E+00 8.1312051E-06 -6.4304231E-08 5.4562421E-05 0.0000000E+00 
-4.9375790E-04 -8.1312051E-06 0.0000000E+00 0.0000000E+00 0.0000000E+00 2.8703007E-04 

0.32846
9.6504926E+03 0.0000000E+00 0.0000000E+00 0.0000000E+00 0.0000000E+00 0.0000000E+00 
0.0000000E+00 9.6504926E+03 0.0000000E+00 0.0000000E+00 0.0000000E+00 0.0000000E+00 
0.0000000E+00 0.0000000E+00 9.6504926E+06 5.3044302E+04 -2.3346963E+00 -2.4473056E-01 
0.0000000E+00 0.0000000E+00 5.3044302E+04 3.2898435E+03 -1.2124255E-01 3.9478800E-03 
0.0000000E+00 0.0000000E+00 -2.3346963E+00 -1.2124255E-01 4.4749139E+00 4.2266000E-05 
0.0000000E+00 0.0000000E+00 -2.4473056E-01 3.9478800E-03 4.2266000E-05 6.5118302E+00 

5.4072875E-01 0.0000000E+00 0.0000000E+00 0.0000000E+00 0.0000000E+00 -4.9375934E-04 
0.0000000E+00 5.4072875E-01 0.0000000E+00 0.0000000E+00 0.0000000E+00 -8.1311953E-06 
0.0000000E+00 0.0000000E+00 5.4072875E-01 4.9375934E-04 8.1311953E-06 0.0000000E+00 
0.0000000E+00 0.0000000E+00 4.9375934E-04 3.3563611E-04 -6.4303634E-08 0.0000000E+00 
0.0000000E+00 0.0000000E+00 8.1311953E-06 -6.4303634E-08 5.4562543E-05 0.0000000E+00 
-4.9375934E-04 -8.1311953E-06 0.0000000E+00 0.0000000E+00 0.0000000E+00 2.8703007E-04 

0.36098
9.6507044E+03 0.0000000E+00 0.0000000E+00 0.0000000E+00 0.0000000E+00 0.0000000E+00 
0.0000000E+00 9.6507044E+03 0.0000000E+00 0.0000000E+00 0.0000000E+00 0.0000000E+00 
0.0000000E+00 0.0000000E+00 9.6507044E+06 5.3033473E+04 -2.3287391E+00 -2.4473056E-01 
0.0000000E+00 0.0000000E+00 5.3033473E+04 3.2902798E+03 -1.2146496E-01 3.9478800E-03 
0.0000000E+00 0.0000000E+00 -2.3287391E+00 -1.2146496E-01 4.4749289E+00 4.2266000E-05 
0.0000000E+00 0.0000000E+00 -2.4473056E-01 3.9478800E-03 4.2266000E-05 6.5118302E+00 

5.4072883E-01 0.0000000E+00 0.0000000E+00 0.0000000E+00 0.0000000E+00 -4.9376146E-04 
0.0000000E+00 5.4072883E-01 0.0000000E+00 0.0000000E+00 0.0000000E+00 -8.1312303E-06 
0.0000000E+00 0.0000000E+00 5.4072883E-01 4.9376146E-04 8.1312303E-06 0.0000000E+00 
0.0000000E+00 0.0000000E+00 4.9376146E-04 3.3563635E-04 -6.4304810E-08 0.0000000E+00 
0.0000000E+00 0.0000000E+00 8.1312303E-06 -6.4304810E-08 5.4562622E-05 0.0000000E+00 
-4.9376146E-04 -8.1312303E-06 0.0000000E+00 0.0000000E+00 0.0000000E+00 2.8703007E-04 

0.3935
9.6508732E+03 0.0000000E+00 0.0000000E+00 0.0000000E+00 0.0000000E+00 0.0000000E+00 
0.0000000E+00 9.6508732E+03 0.0000000E+00 0.0000000E+00 0.0000000E+00 0.0000000E+00 
0.0000000E+00 0.0000000E+00 9.6508732E+06 5.3025933E+04 -2.3242918E+00 -2.4473056E-01 
0.0000000E+00 0.0000000E+00 5.3025933E+04 3.2905852E+03 -1.2161905E-01 3.9478800E-03 
0.0000000E+00 0.0000000E+00 -2.3242918E+00 -1.2161905E-01 4.4749290E+00 4.2266000E-05 
0.0000000E+00 0.0000000E+00 -2.4473056E-01 3.9478800E-03 4.2266000E-05 6.5118302E+00 

5.4072834E-01 0.0000000E+00 0.0000000E+00 0.0000000E+00 0.0000000E+00 -4.9376370E-04 
0.0000000E+00 5.4072834E-01 0.0000000E+00 0.0000000E+00 0.0000000E+00 -8.1312736E-06 
0.0000000E+00 0.0000000E+00 5.4072834E-01 4.9376370E-04 8.1312736E-06 0.0000000E+00 
0.0000000E+00 0.0000000E+00 4.9376370E-04 3.3563470E-04 -6.4306704E-08 0.0000000E+00 
0.0000000E+00 0.0000000E+00 8.1312736E-06 -6.4306704E-08 5.4562445E-05 0.0000000E+00 
-4.9376370E-04 -8.1312736E-06 0.0000000E+00 0.0000000E+00 0.0000000E+00 2.8703007E-04 

0.42602
9.6509616E+03 0.0000000E+00 0.0000000E+00 0.0000000E+00 0.0000000E+00 0.0000000E+00 
0.0000000E+00 9.6509616E+03 0.0000000E+00 0.0000000E+00 0.0000000E+00 0.0000000E+00 
0.0000000E+00 0.0000000E+00 9.6509616E+06 5.3021563E+04 -2.3212911E+00 -2.4473056E-01 
0.0000000E+00 0.0000000E+00 5.3021563E+04 3.2907466E+03 -1.2169280E-01 3.9478800E-03 
0.0000000E+00 0.0000000E+00 -2.3212911E+00 -1.2169280E-01 4.4749290E+00 4.2266000E-05 
0.0000000E+00 0.0000000E+00 -2.4473056E-01 3.9478800E-03 4.2266000E-05 6.5118302E+00 

5.4072812E-01 0.0000000E+00 0.0000000E+00 0.0000000E+00 0.0000000E+00 -4.9376464E-04 
0.0000000E+00 5.4072812E-01 0.0000000E+00 0.0000000E+00 0.0000000E+00 -8.1313208E-06 
0.0000000E+00 0.0000000E+00 5.4072812E-01 4.9376464E-04 8.1313208E-06 0.0000000E+00 
0.0000000E+00 0.0000000E+00 4.9376464E-04 3.3563400E-04 -6.4308403E-08 0.0000000E+00 
0.0000000E+00 0.0000000E+00 8.1313208E-06 -6.4308403E-08 5.4562354E-05 0.0000000E+00 
-4.9376464E-04 -8.1313208E-06 0.0000000E+00 0.0000000E+00 0.0000000E+00 2.8703007E-04 

0.45854999999999996
9.6509690E+03 0.0000000E+00 0.0000000E+00 0.0000000E+00 0.0000000E+00 0.0000000E+00 
0.0000000E+00 9.6509690E+03 0.0000000E+00 0.0000000E+00 0.0000000E+00 0.0000000E+00 
0.0000000E+00 0.0000000E+00 9.6509690E+06 5.3020012E+04 -2.3198479E+00 -2.4473056E-01 
0.0000000E+00 0.0000000E+00 5.3020012E+04 3.2907790E+03 -1.2169694E-01 3.9478800E-03 
0.0000000E+00 0.0000000E+00 -2.3198479E+00 -1.2169694E-01 4.4749290E+00 4.2266000E-05 
0.0000000E+00 0.0000000E+00 -2.4473056E-01 3.9478800E-03 4.2266000E-05 6.5118302E+00 

5.4072814E-01 0.0000000E+00 0.0000000E+00 0.0000000E+00 0.0000000E+00 -4.9376009E-04 
0.0000000E+00 5.4072814E-01 0.0000000E+00 0.0000000E+00 0.0000000E+00 -8.1313718E-06 
0.0000000E+00 0.0000000E+00 5.4072814E-01 4.9376009E-04 8.1313718E-06 0.0000000E+00 
0.0000000E+00 0.0000000E+00 4.9376009E-04 3.3563400E-04 -6.4309959E-08 0.0000000E+00 
0.0000000E+00 0.0000000E+00 8.1313718E-06 -6.4309959E-08 5.4562354E-05 0.0000000E+00 
-4.9376009E-04 -8.1313718E-06 0.0000000E+00 0.0000000E+00 0.0000000E+00 2.8703007E-04 

0.49106
9.6509096E+03 0.0000000E+00 0.0000000E+00 0.0000000E+00 0.0000000E+00 0.0000000E+00 
0.0000000E+00 9.6509096E+03 0.0000000E+00 0.0000000E+00 0.0000000E+00 0.0000000E+00 
0.0000000E+00 0.0000000E+00 9.6509096E+06 5.3021272E+04 -2.3198656E+00 -2.3616655E-01 
0.0000000E+00 0.0000000E+00 5.3021272E+04 3.2906955E+03 -1.2164171E-01 3.8125039E-03 
0.0000000E+00 0.0000000E+00 -2.3198656E+00 -1.2164171E-01 4.4749291E+00 3.0891164E-05 
0.0000000E+00 0.0000000E+00 -2.3616655E-01 3.8125039E-03 3.0891164E-05 6.5118731E+00 

5.4072821E-01 0.0000000E+00 0.0000000E+00 0.0000000E+00 0.0000000E+00 -4.9375738E-04 
0.0000000E+00 5.4072821E-01 0.0000000E+00 0.0000000E+00 0.0000000E+00 -8.1314228E-06 
0.0000000E+00 0.0000000E+00 5.4072821E-01 4.9375738E-04 8.1314228E-06 0.0000000E+00 
0.0000000E+00 0.0000000E+00 4.9375738E-04 3.3563400E-04 -6.4311597E-08 0.0000000E+00 
0.0000000E+00 0.0000000E+00 8.1314228E-06 -6.4311597E-08 5.4562354E-05 0.0000000E+00 
-4.9375738E-04 -8.1314228E-06 0.0000000E+00 0.0000000E+00 0.0000000E+00 2.8703007E-04 

0.52358
9.6507879E+03 0.0000000E+00 0.0000000E+00 0.0000000E+00 0.0000000E+00 0.0000000E+00 
0.0000000E+00 9.6507879E+03 0.0000000E+00 0.0000000E+00 0.0000000E+00 0.0000000E+00 
0.0000000E+00 0.0000000E+00 9.6507879E+06 5.3025725E+04 -2.3214087E+00 1.8947907E-01 
0.0000000E+00 0.0000000E+00 5.3025725E+04 3.2904852E+03 -1.2151380E-01 -2.9159210E-03 
0.0000000E+00 0.0000000E+00 -2.3214087E+00 -1.2151380E-01 4.4749290E+00 -5.3445763E-04 
0.0000000E+00 0.0000000E+00 1.8947907E-01 -2.9159210E-03 -5.3445763E-04 6.5140047E+00 

5.4072834E-01 0.0000000E+00 0.0000000E+00 0.0000000E+00 0.0000000E+00 -4.9375904E-04 
0.0000000E+00 5.4072834E-01 0.0000000E+00 0.0000000E+00 0.0000000E+00 -8.1314465E-06 
0.0000000E+00 0.0000000E+00 5.4072834E-01 4.9375904E-04 8.1314465E-06 0.0000000E+00 
0.0000000E+00 0.0000000E+00 4.9375904E-04 3.3563399E-04 -6.4313307E-08 0.0000000E+00 
0.0000000E+00 0.0000000E+00 8.1314465E-06 -6.4313307E-08 5.4562353E-05 0.0000000E+00 
-4.9375904E-04 -8.1314465E-06 0.0000000E+00 0.0000000E+00 0.0000000E+00 2.8703007E-04 

0.5561
9.6506104E+03 0.0000000E+00 0.0000000E+00 0.0000000E+00 0.0000000E+00 0.0000000E+00 
0.0000000E+00 9.6506104E+03 0.0000000E+00 0.0000000E+00 0.0000000E+00 0.0000000E+00 
0.0000000E+00 0.0000000E+00 9.6506104E+06 5.3033114E+04 -2.3242848E+00 5.5509742E-01 
0.0000000E+00 0.0000000E+00 5.3033114E+04 3.2901542E+03 -1.2131928E-01 -8.6954603E-03 
0.0000000E+00 0.0000000E+00 -2.3242848E+00 -1.2131928E-01 4.4749289E+00 -1.0200773E-03 
0.0000000E+00 0.0000000E+00 5.5509742E-01 -8.6954603E-03 -1.0200773E-03 6.5158358E+00 

5.4072842E-01 0.0000000E+00 0.0000000E+00 0.0000000E+00 0.0000000E+00 -4.9376021E-04 
0.0000000E+00 5.4072842E-01 0.0000000E+00 0.0000000E+00 0.0000000E+00 -8.1314735E-06 
0.0000000E+00 0.0000000E+00 5.4072842E-01 4.9376021E-04 8.1314735E-06 0.0000000E+00 
0.0000000E+00 0.0000000E+00 4.9376021E-04 3.3563399E-04 -6.4315019E-08 0.0000000E+00 
0.0000000E+00 0.0000000E+00 8.1314735E-06 -6.4315019E-08 5.4562353E-05 0.0000000E+00 
-4.9376021E-04 -8.1314735E-06 0.0000000E+00 0.0000000E+00 0.0000000E+00 2.8703007E-04 

0.58862
9.6503603E+03 0.0000000E+00 0.0000000E+00 0.0000000E+00 0.0000000E+00 0.0000000E+00 
0.0000000E+00 9.6503603E+03 0.0000000E+00 0.0000000E+00 0.0000000E+00 0.0000000E+00 
0.0000000E+00 0.0000000E+00 9.6503603E+06 5.3043818E+04 -2.3289635E+00 5.5513181E-01 
0.0000000E+00 0.0000000E+00 5.3043818E+04 3.2896690E+03 -1.2103300E-01 -8.6960040E-03 
0.0000000E+00 0.0000000E+00 -2.3289635E+00 -1.2103300E-01 4.4749152E+00 -1.0201230E-03 
0.0000000E+00 0.0000000E+00 5.5513181E-01 -8.6960040E-03 -1.0201230E-03 6.5158359E+00 

5.4072843E-01 0.0000000E+00 0.0000000E+00 0.0000000E+00 0.0000000E+00 -4.9375996E-04 
0.0000000E+00 5.4072843E-01 0.0000000E+00 0.0000000E+00 0.0000000E+00 -8.1315242E-06 
0.0000000E+00 0.0000000E+00 5.4072843E-01 4.9375996E-04 8.1315242E-06 0.0000000E+00 
0.0000000E+00 0.0000000E+00 4.9375996E-04 3.3563399E-04 -6.4316731E-08 0.0000000E+00 
0.0000000E+00 0.0000000E+00 8.1315242E-06 -6.4316731E-08 5.4562354E-05 0.0000000E+00 
-4.9375996E-04 -8.1315242E-06 0.0000000E+00 0.0000000E+00 0.0000000E+00 2.8703007E-04 

0.62115
9.6500290E+03 0.0000000E+00 0.0000000E+00 0.0000000E+00 0.0000000E+00 0.0000000E+00 
0.0000000E+00 9.6500290E+03 0.0000000E+00 0.0000000E+00 0.0000000E+00 0.0000000E+00 
0.0000000E+00 0.0000000E+00 9.6500290E+06 5.3058045E+04 -2.3350446E+00 5.5513181E-01 
0.0000000E+00 0.0000000E+00 5.3058045E+04 3.2890284E+03 -1.2064667E-01 -8.6960040E-03 
0.0000000E+00 0.0000000E+00 -2.3350446E+00 -1.2064667E-01 4.4748897E+00 -1.0201230E-03 
0.0000000E+00 0.0000000E+00 5.5513181E-01 -8.6960040E-03 -1.0201230E-03 6.5158359E+00 

5.4072843E-01 0.0000000E+00 0.0000000E+00 0.0000000E+00 0.0000000E+00 -4.9375971E-04 
0.0000000E+00 5.4072843E-01 0.0000000E+00 0.0000000E+00 0.0000000E+00 -8.1315749E-06 
0.0000000E+00 0.0000000E+00 5.4072843E-01 4.9375971E-04 8.1315749E-06 0.0000000E+00 
0.0000000E+00 0.0000000E+00 4.9375971E-04 3.3563400E-04 -6.4318444E-08 0.0000000E+00 
0.0000000E+00 0.0000000E+00 8.1315749E-06 -6.4318444E-08 5.4562354E-05 0.0000000E+00 
-4.9375971E-04 -8.1315749E-06 0.0000000E+00 0.0000000E+00 0.0000000E+00 2.8703007E-04 

0.65366
9.6495825E+03 0.0000000E+00 0.0000000E+00 0.0000000E+00 0.0000000E+00 0.0000000E+00 
0.0000000E+00 9.6495825E+03 0.0000000E+00 0.0000000E+00 0.0000000E+00 0.0000000E+00 
0.0000000E+00 0.0000000E+00 9.6495825E+06 5.3076677E+04 -2.3431710E+00 5.5513181E-01 
0.0000000E+00 0.0000000E+00 5.3076677E+04 3.2882339E+03 -1.2017549E-01 -8.6960040E-03 
0.0000000E+00 0.0000000E+00 -2.3431710E+00 -1.2017549E-01 4.4748351E+00 -1.0201230E-03 
0.0000000E+00 0.0000000E+00 5.5513181E-01 -8.6960040E-03 -1.0201230E-03 6.5158359E+00 

5.4072844E-01 0.0000000E+00 0.0000000E+00 0.0000000E+00 0.0000000E+00 -4.9375947E-04 
0.0000000E+00 5.4072844E-01 0.0000000E+00 0.0000000E+00 0.0000000E+00 -8.1316256E-06 
0.0000000E+00 0.0000000E+00 5.4072844E-01 4.9375947E-04 8.1316256E-06 0.0000000E+00 
0.0000000E+00 0.0000000E+00 4.9375947E-04 3.3563400E-04 -6.4320155E-08 0.0000000E+00 
0.0000000E+00 0.0000000E+00 8.1316256E-06 -6.4320155E-08 5.4562354E-05 0.0000000E+00 
-4.9375947E-04 -8.1316256E-06 0.0000000E+00 0.0000000E+00 0.0000000E+00 2.8703007E-04 

0.6861799999999999
9.6490271E+03 0.0000000E+00 0.0000000E+00 0.0000000E+00 0.0000000E+00 0.0000000E+00 
0.0000000E+00 9.6490271E+03 0.0000000E+00 0.0000000E+00 0.0000000E+00 0.0000000E+00 
0.0000000E+00 0.0000000E+00 9.6490271E+06 5.3099525E+04 -2.3545864E+00 5.5513181E-01 
0.0000000E+00 0.0000000E+00 5.3099525E+04 3.2871990E+03 -1.1952519E-01 -8.6960040E-03 
0.0000000E+00 0.0000000E+00 -2.3545864E+00 -1.1952519E-01 4.4747403E+00 -1.0201230E-03 
0.0000000E+00 0.0000000E+00 5.5513181E-01 -8.6960040E-03 -1.0201230E-03 6.5158359E+00 

5.4072846E-01 0.0000000E+00 0.0000000E+00 0.0000000E+00 0.0000000E+00 -4.9375923E-04 
0.0000000E+00 5.4072846E-01 0.0000000E+00 0.0000000E+00 0.0000000E+00 -8.1316764E-06 
0.0000000E+00 0.0000000E+00 5.4072846E-01 4.9375923E-04 8.1316764E-06 0.0000000E+00 
0.0000000E+00 0.0000000E+00 4.9375923E-04 3.3563400E-04 -6.4321867E-08 0.0000000E+00 
0.0000000E+00 0.0000000E+00 8.1316764E-06 -6.4321867E-08 5.4562354E-05 0.0000000E+00 
-4.9375923E-04 -8.1316764E-06 0.0000000E+00 0.0000000E+00 0.0000000E+00 2.8703007E-04 

0.7187
9.6483753E+03 0.0000000E+00 0.0000000E+00 0.0000000E+00 0.0000000E+00 0.0000000E+00 
0.0000000E+00 9.6483753E+03 0.0000000E+00 0.0000000E+00 0.0000000E+00 0.0000000E+00 
0.0000000E+00 0.0000000E+00 9.6483753E+06 5.3125957E+04 -2.3687979E+00 5.5513181E-01 
0.0000000E+00 0.0000000E+00 5.3125957E+04 3.2858743E+03 -1.1863062E-01 -8.6960040E-03 
0.0000000E+00 0.0000000E+00 -2.3687979E+00 -1.1863062E-01 4.4749387E+00 -1.0201230E-03 
0.0000000E+00 0.0000000E+00 5.5513181E-01 -8.6960040E-03 -1.0201230E-03 6.5158359E+00 

5.4072846E-01 0.0000000E+00 0.0000000E+00 0.0000000E+00 0.0000000E+00 -4.9375910E-04 
0.0000000E+00 5.4072846E-01 0.0000000E+00 0.0000000E+00 0.0000000E+00 -8.1317270E-06 
0.0000000E+00 0.0000000E+00 5.4072846E-01 4.9375910E-04 8.1317270E-06 0.0000000E+00 
0.0000000E+00 0.0000000E+00 4.9375910E-04 3.3563400E-04 -6.4323578E-08 0.0000000E+00 
0.0000000E+00 0.0000000E+00 8.1317270E-06 -6.4323578E-08 5.4562354E-05 0.0000000E+00 
-4.9375910E-04 -8.1317270E-06 0.0000000E+00 0.0000000E+00 0.0000000E+00 2.8703007E-04 

0.75122
9.6475002E+03 0.0000000E+00 0.0000000E+00 0.0000000E+00 0.0000000E+00 0.0000000E+00 
0.0000000E+00 9.6475002E+03 0.0000000E+00 0.0000000E+00 0.0000000E+00 0.0000000E+00 
0.0000000E+00 0.0000000E+00 9.6475002E+06 5.3160525E+04 -2.4003233E+00 5.5513181E-01 
0.0000000E+00 0.0000000E+00 5.3160525E+04 3.2842411E+03 -1.1761701E-01 -8.6960040E-03 
0.0000000E+00 0.0000000E+00 -2.4003233E+00 -1.1761701E-01 4.4757919E+00 -1.0201230E-03 
0.0000000E+00 0.0000000E+00 5.5513181E-01 -8.6960040E-03 -1.0201230E-03 6.5158359E+00 

5.4072846E-01 0.0000000E+00 0.0000000E+00 0.0000000E+00 0.0000000E+00 -4.9375918E-04 
0.0000000E+00 5.4072846E-01 0.0000000E+00 0.0000000E+00 0.0000000E+00 -8.1317776E-06 
0.0000000E+00 0.0000000E+00 5.4072846E-01 4.9375918E-04 8.1317776E-06 0.0000000E+00 
0.0000000E+00 0.0000000E+00 4.9375918E-04 3.3563400E-04 -6.4325290E-08 0.0000000E+00 
0.0000000E+00 0.0000000E+00 8.1317776E-06 -6.4325290E-08 5.4562354E-05 0.0000000E+00 
-4.9375918E-04 -8.1317776E-06 0.0000000E+00 0.0000000E+00 0.0000000E+00 2.8703007E-04 

0.78376
9.6476697E+03 0.0000000E+00 0.0000000E+00 0.0000000E+00 0.0000000E+00 0.0000000E+00 
0.0000000E+00 9.6476697E+03 0.0000000E+00 0.0000000E+00 0.0000000E+00 0.0000000E+00 
0.0000000E+00 0.0000000E+00 9.6476697E+06 5.3201957E+04 -2.4686843E+00 6.3259219E-01 
0.0000000E+00 0.0000000E+00 5.3201957E+04 3.2824200E+03 -1.1656141E-01 -6.2878282E-03 
0.0000000E+00 0.0000000E+00 -2.4686843E+00 -1.1656141E-01 4.4779491E+00 -1.1301949E-02 
0.0000000E+00 0.0000000E+00 6.3259219E-01 -6.2878282E-03 -1.1301949E-02 6.5933355E+00 

5.4072846E-01 0.0000000E+00 0.0000000E+00 0.0000000E+00 0.0000000E+00 -4.9375906E-04 
0.0000000E+00 5.4072846E-01 0.0000000E+00 0.0000000E+00 0.0000000E+00 -8.1318214E-06 
0.0000000E+00 0.0000000E+00 5.4072846E-01 4.9375906E-04 8.1318214E-06 0.0000000E+00 
0.0000000E+00 0.0000000E+00 4.9375906E-04 3.3563399E-04 -6.4327002E-08 0.0000000E+00 
0.0000000E+00 0.0000000E+00 8.1318214E-06 -6.4327002E-08 5.4562354E-05 0.0000000E+00 
-4.9375906E-04 -8.1318214E-06 0.0000000E+00 0.0000000E+00 0.0000000E+00 2.8703007E-04 

0.81626
9.6512545E+03 0.0000000E+00 0.0000000E+00 0.0000000E+00 0.0000000E+00 0.0000000E+00 
0.0000000E+00 9.6512545E+03 0.0000000E+00 0.0000000E+00 0.0000000E+00 0.0000000E+00 
0.0000000E+00 0.0000000E+00 9.6512545E+06 5.3285976E+04 -2.5756292E+00 9.6906131E-01 
0.0000000E+00 0.0000000E+00 5.3285976E+04 3.2802632E+03 -1.1540611E-01 4.3220139E-03 
0.0000000E+00 0.0000000E+00 -2.5756292E+00 -1.1540611E-01 4.4848183E+00 -5.6458234E-02 
0.0000000E+00 0.0000000E+00 9.6906131E-01 4.3220139E-03 -5.6458234E-02 6.9338432E+00 

5.4072847E-01 0.0000000E+00 0.0000000E+00 0.0000000E+00 0.0000000E+00 -4.9375879E-04 
0.0000000E+00 5.4072847E-01 0.0000000E+00 0.0000000E+00 0.0000000E+00 -8.1318417E-06 
0.0000000E+00 0.0000000E+00 5.4072847E-01 4.9375879E-04 8.1318417E-06 0.0000000E+00 
0.0000000E+00 0.0000000E+00 4.9375879E-04 3.3563399E-04 -6.4328711E-08 0.0000000E+00 
0.0000000E+00 0.0000000E+00 8.1318417E-06 -6.4328711E-08 5.4562353E-05 0.0000000E+00 
-4.9375879E-04 -8.1318417E-06 0.0000000E+00 0.0000000E+00 0.0000000E+00 2.8703007E-04 

0.84878
9.6567891E+03 0.0000000E+00 0.0000000E+00 0.0000000E+00 0.0000000E+00 0.0000000E+00 
0.0000000E+00 9.6567891E+03 0.0000000E+00 0.0000000E+00 0.0000000E+00 0.0000000E+00 
0.0000000E+00 0.0000000E+00 9.6567891E+06 5.3464818E+04 -2.6742274E+00 1.1983138E+00 
0.0000000E+00 0.0000000E+00 5.3464818E+04 3.2778060E+03 -1.1470746E-01 1.1868555E-02 
0.0000000E+00 0.0000000E+00 -2.6742274E+00 -1.1470746E-01 4.4946219E+00 -8.8277112E-02 
0.0000000E+00 0.0000000E+00 1.1983138E+00 1.1868555E-02 -8.8277112E-02 7.1740741E+00 

5.4483622E-01 0.0000000E+00 0.0000000E+00 0.0000000E+00 0.0000000E+00 -4.9750950E-04 
0.0000000E+00 5.4483622E-01 0.0000000E+00 0.0000000E+00 0.0000000E+00 -8.1936354E-06 
0.0000000E+00 0.0000000E+00 5.4483622E-01 4.9750950E-04 8.1936354E-06 0.0000000E+00 
0.0000000E+00 0.0000000E+00 4.9750950E-04 3.3917420E-04 -6.5000007E-08 0.0000000E+00 
0.0000000E+00 0.0000000E+00 8.1936354E-06 -6.5000007E-08 5.5102363E-05 0.0000000E+00 
-4.9750950E-04 -8.1936354E-06 0.0000000E+00 0.0000000E+00 0.0000000E+00 2.9005679E-04 

0.8813
9.6768162E+03 0.0000000E+00 0.0000000E+00 0.0000000E+00 0.0000000E+00 0.0000000E+00 
0.0000000E+00 9.6768162E+03 0.0000000E+00 0.0000000E+00 0.0000000E+00 0.0000000E+00 
0.0000000E+00 0.0000000E+00 9.6768162E+06 5.3858040E+04 -2.7529884E+00 1.1061198E+00 
0.0000000E+00 0.0000000E+00 5.3858040E+04 3.2738288E+03 -1.1577481E-01 8.7533417E-03 
0.0000000E+00 0.0000000E+00 -2.7529884E+00 -1.1577481E-01 4.5212823E+00 -7.5214949E-02 
0.0000000E+00 0.0000000E+00 1.1061198E+00 8.7533417E-03 -7.5214949E-02 7.0753830E+00 

5.7951661E-01 0.0000000E+00 0.0000000E+00 0.0000000E+00 0.0000000E+00 -5.2917745E-04 
0.0000000E+00 5.7951661E-01 0.0000000E+00 0.0000000E+00 0.0000000E+00 -8.7151800E-06 
0.0000000E+00 0.0000000E+00 5.7951661E-01 5.2917745E-04 8.7151800E-06 0.0000000E+00 
0.0000000E+00 0.0000000E+00 5.2917745E-04 3.6411324E-04 -6.9749943E-08 0.0000000E+00 
0.0000000E+00 0.0000000E+00 8.7151800E-06 -6.9749943E-08 5.9034252E-05 0.0000000E+00 
-5.2917745E-04 -8.7151800E-06 0.0000000E+00 0.0000000E+00 0.0000000E+00 3.1138153E-04 

0.8975599999999999
9.6922044E+03 0.0000000E+00 0.0000000E+00 0.0000000E+00 0.0000000E+00 0.0000000E+00 
